              precision    recall  f1-score   support

           0       0.98      0.98      0.98    454326
           1       0.96      0.92      0.94      1563
           2       0.89      0.95      0.92      1130
           3       0.73      0.75      0.74      1142
           4       0.81      0.78      0.80      1097
           5       0.94      0.96      0.95     46602
           6       0.85      0.84      0.85      2038
           7       0.00      0.00      0.00         2
           8       0.07      0.05      0.05       331
           9       0.03      0.01      0.01       138
          10       0.00      0.00      0.00         5
          11       0.00      0.00      0.00        11
          12       0.25      0.32      0.28       414
          13       0.88      0.82      0.85     31735
          14       0.94      0.93      0.94     25585

    accuracy                           0.97    566119
   macro avg       0.56      0.56      0.55    566119
weighted avg       0.97      0.97      0.97    566119
