              precision    recall  f1-score   support

           0       0.94      0.97      0.96    454326
           1       0.19      0.04      0.07      1563
           2       0.30      0.05      0.09      1130
           3       0.60      0.41      0.49      1142
           4       0.45      0.14      0.22      1097
           5       0.87      0.82      0.85     46602
           6       0.78      0.50      0.61      2038
           7       0.00      0.00      0.00         2
           8       0.00      0.00      0.00       331
           9       0.00      0.00      0.00       138
          10       0.00      0.00      0.00         5
          11       0.00      0.00      0.00        11
          12       0.01      0.00      0.00       414
          13       0.85      0.66      0.74     31735
          14       0.81      0.82      0.82     25585

    accuracy                           0.93    566119
   macro avg       0.39      0.30      0.32    566119
weighted avg       0.92      0.93      0.92    566119
