              precision    recall  f1-score   support

           0       0.98      0.99      0.99    454326
           1       0.96      0.89      0.92      1563
           2       0.95      0.54      0.68      1130
           3       0.88      0.76      0.82      1142
           4       0.80      0.75      0.77      1097
           5       0.92      0.93      0.92     46602
           6       0.83      0.75      0.79      2038
           7       1.00      1.00      1.00         2
           8       0.94      0.05      0.09       331
           9       1.00      0.02      0.04       138
          10       0.00      0.00      0.00         5
          11       0.00      0.00      0.00        11
          12       0.00      0.00      0.00       414
          13       0.97      0.98      0.98     31735
          14       0.93      0.90      0.91     25585

    accuracy                           0.98    566119
   macro avg       0.74      0.57      0.59    566119
weighted avg       0.97      0.98      0.97    566119
