              precision    recall  f1-score   support

           0       0.98      0.99      0.98    454326
           1       0.19      0.15      0.17      1563
           2       0.77      0.50      0.60      1130
           3       0.75      0.66      0.70      1142
           4       0.73      0.69      0.71      1097
           5       0.94      0.94      0.94     46602
           6       0.60      0.53      0.56      2038
           7       0.00      0.00      0.00         2
           8       0.00      0.00      0.00       331
           9       0.04      0.09      0.06       138
          10       0.00      0.00      0.00         5
          11       0.00      0.00      0.00        11
          12       0.00      0.00      0.00       414
          13       0.96      0.89      0.92     31735
          14       0.95      0.96      0.95     25585

    accuracy                           0.97    566119
   macro avg       0.46      0.43      0.44    566119
weighted avg       0.97      0.97      0.97    566119
