              precision    recall  f1-score   support

           0       0.99      0.99      0.99    454326
           1       0.93      0.96      0.95      1563
           2       0.84      0.89      0.86      1130
           3       0.79      0.78      0.78      1142
           4       0.76      0.75      0.76      1097
           5       0.97      0.98      0.97     46602
           6       0.83      0.83      0.83      2038
           7       0.00      0.00      0.00         2
           8       0.00      0.00      0.00       331
           9       0.00      0.00      0.00       138
          10       0.00      0.00      0.00         5
          11       0.00      0.00      0.00        11
          12       0.00      0.00      0.00       414
          13       0.96      0.97      0.97     31735
          14       0.97      0.98      0.97     25585

    accuracy                           0.98    566119
   macro avg       0.54      0.54      0.54    566119
weighted avg       0.98      0.98      0.98    566119
