              precision    recall  f1-score   support

           0       0.97      0.98      0.98    454326
           1       0.75      0.87      0.81      1563
           2       0.59      0.96      0.73      1130
           3       0.69      0.47      0.56      1142
           4       0.10      0.03      0.05      1097
           5       0.94      0.94      0.94     46602
           6       0.69      0.59      0.63      2038
           7       0.00      0.00      0.00         2
           8       0.00      0.00      0.00       331
           9       0.00      0.00      0.00       138
          10       0.00      0.00      0.00         5
          11       0.00      0.00      0.00        11
          12       0.02      0.01      0.01       414
          13       0.88      0.69      0.78     31735
          14       0.93      0.94      0.93     25585

    accuracy                           0.96    566119
   macro avg       0.44      0.43      0.43    566119
weighted avg       0.95      0.96      0.95    566119
