              precision    recall  f1-score   support

           0       1.00      1.00      1.00    454326
           1       1.00      1.00      1.00      1563
           2       1.00      1.00      1.00      1130
           3       0.99      0.99      0.99      1142
           4       0.98      0.98      0.98      1097
           5       1.00      1.00      1.00     46602
           6       0.98      0.98      0.98      2038
           7       1.00      1.00      1.00         2
           8       0.66      0.81      0.73       331
           9       0.33      0.12      0.17       138
          10       0.00      0.00      0.00         5
          11       1.00      0.09      0.17        11
          12       0.95      0.60      0.73       414
          13       0.99      1.00      1.00     31735
          14       1.00      1.00      1.00     25585

    accuracy                           1.00    566119
   macro avg       0.86      0.77      0.78    566119
weighted avg       1.00      1.00      1.00    566119
