              precision    recall  f1-score   support

           0       1.00      1.00      1.00    454590
           1       1.00      0.99      0.99      1588
           2       0.96      0.99      0.97      1179
           3       0.98      0.89      0.93      1159
           4       0.89      0.99      0.94      1100
           5       0.99      0.99      0.99     46215
           6       0.98      0.99      0.99      2059
           7       0.50      1.00      0.67         2
           8       0.95      0.14      0.24       301
           9       0.80      0.03      0.06       130
          10       0.00      0.00      0.00         4
          11       0.00      0.00      0.00         7
          12       0.97      0.32      0.48       393
          13       0.99      1.00      1.00     31786
          14       1.00      1.00      1.00     25606

    accuracy                           1.00    566119
   macro avg       0.80      0.69      0.68    566119
weighted avg       1.00      1.00      1.00    566119
