              precision    recall  f1-score   support

           0       0.92      0.98      0.95    454326
           1       0.00      0.00      0.00      1563
           2       0.01      0.02      0.01      1130
           3       0.00      0.00      0.00      1142
           4       0.00      0.00      0.00      1097
           5       0.93      0.67      0.78     46602
           6       0.65      0.66      0.65      2038
           7       0.00      0.00      0.00         2
           8       0.04      0.02      0.02       331
           9       0.00      0.00      0.00       138
          10       0.00      0.00      0.00         5
          11       0.00      0.00      0.00        11
          12       0.00      0.00      0.00       414
          13       0.96      0.49      0.65     31735
          14       0.89      0.75      0.81     25585

    accuracy                           0.91    566119
   macro avg       0.29      0.24      0.26    566119
weighted avg       0.91      0.91      0.90    566119
