              precision    recall  f1-score   support

           0       0.92      0.81      0.86    454326
           1       0.00      0.00      0.00      1563
           2       0.00      0.00      0.00      1130
           3       0.00      0.00      0.00      1142
           4       0.00      0.00      0.00      1097
           5       0.34      0.44      0.38     46602
           6       0.00      0.00      0.00      2038
           7       0.00      0.00      0.00         2
           8       0.00      0.00      0.00       331
           9       0.00      0.00      0.00       138
          10       0.00      0.00      0.00         5
          11       0.00      0.00      0.00        11
          12       0.00      0.00      0.00       414
          13       0.37      0.21      0.27     31735
          14       0.25      0.87      0.39     25585

    accuracy                           0.73    566119
   macro avg       0.13      0.15      0.13    566119
weighted avg       0.80      0.73      0.76    566119
