              precision    recall  f1-score   support

           0       0.98      0.97      0.97    454326
           1       0.85      0.79      0.82      1563
           2       0.00      0.00      0.00      1130
           3       0.25      0.47      0.33      1142
           4       0.53      0.49      0.51      1097
           5       0.91      0.94      0.93     46602
           6       0.68      0.54      0.60      2038
           7       0.00      0.00      0.00         2
           8       0.19      0.11      0.14       331
           9       0.00      0.00      0.00       138
          10       0.00      0.00      0.00         5
          11       0.00      0.09      0.00        11
          12       0.00      0.00      0.00       414
          13       0.92      0.85      0.89     31735
          14       0.94      0.94      0.94     25585

    accuracy                           0.95    566119
   macro avg       0.42      0.41      0.41    566119
weighted avg       0.96      0.95      0.96    566119
