              precision    recall  f1-score   support

           0       0.93      0.92      0.93    454326
           1       0.00      0.00      0.00      1563
           2       0.92      0.42      0.58      1130
           3       0.00      0.00      0.00      1142
           4       0.02      0.03      0.02      1097
           5       0.52      0.51      0.51     46602
           6       0.00      0.00      0.00      2038
           7       0.00      0.00      0.00         2
           8       0.00      0.00      0.00       331
           9       0.00      0.00      0.00       138
          10       0.00      0.00      0.00         5
          11       0.00      0.00      0.00        11
          12       0.00      0.00      0.00       414
          13       0.54      0.77      0.64     31735
          14       0.38      0.30      0.33     25585

    accuracy                           0.84    566119
   macro avg       0.22      0.20      0.20    566119
weighted avg       0.84      0.84      0.84    566119
