              precision    recall  f1-score   support

           0       0.92      0.94      0.93    454326
           1       0.41      0.09      0.14      1563
           2       0.00      0.00      0.00      1130
           3       0.14      0.31      0.19      1142
           4       0.00      0.00      0.00      1097
           5       0.69      0.40      0.51     46602
           6       0.13      0.02      0.04      2038
           7       0.00      0.00      0.00         2
           8       0.00      0.00      0.00       331
           9       0.00      0.00      0.00       138
          10       0.00      0.00      0.00         5
          11       0.00      0.00      0.00        11
          12       0.00      0.00      0.00       414
          13       0.31      0.46      0.37     31735
          14       0.56      0.37      0.45     25585

    accuracy                           0.83    566119
   macro avg       0.21      0.17      0.18    566119
weighted avg       0.84      0.83      0.83    566119
