              precision    recall  f1-score   support

           0       0.98      0.98      0.98    454326
           1       0.29      0.29      0.29      1563
           2       0.00      0.00      0.00      1130
           3       0.12      0.01      0.01      1142
           4       0.00      0.00      0.00      1097
           5       0.93      0.93      0.93     46602
           6       0.00      0.00      0.00      2038
           7       0.00      0.00      0.00         2
           8       0.00      0.00      0.00       331
           9       0.00      0.00      0.00       138
          10       0.00      0.00      0.00         5
          11       0.00      0.00      0.00        11
          12       0.00      0.00      0.00       414
          13       0.91      0.98      0.94     31735
          14       0.95      0.95      0.95     25585

    accuracy                           0.96    566119
   macro avg       0.28      0.28      0.27    566119
weighted avg       0.96      0.96      0.96    566119
