              precision    recall  f1-score   support

           0       0.94      0.97      0.95    454326
           1       0.00      0.00      0.00      1563
           2       0.23      0.45      0.31      1130
           3       0.00      0.00      0.00      1142
           4       0.00      0.00      0.00      1097
           5       0.85      0.85      0.85     46602
           6       0.36      0.03      0.05      2038
           7       0.00      0.00      0.00         2
           8       0.00      0.00      0.00       331
           9       0.00      0.00      0.00       138
          10       0.00      0.00      0.00         5
          11       0.00      0.00      0.00        11
          12       0.00      0.00      0.00       414
          13       0.81      0.55      0.66     31735
          14       0.83      0.87      0.85     25585

    accuracy                           0.92    566119
   macro avg       0.27      0.25      0.24    566119
weighted avg       0.91      0.92      0.91    566119
