              precision    recall  f1-score   support

           0       0.86      0.92      0.88    454326
           1       0.00      0.00      0.00      1563
           2       0.00      0.00      0.00      1130
           3       0.33      0.14      0.20      1142
           4       0.00      0.00      0.00      1097
           5       0.71      0.34      0.46     46602
           6       0.06      0.05      0.06      2038
           7       0.00      0.00      0.00         2
           8       0.00      0.00      0.00       331
           9       0.00      0.00      0.00       138
          10       0.00      0.00      0.00         5
          11       0.00      0.00      0.00        11
          12       0.00      0.00      0.00       414
          13       0.15      0.08      0.11     31735
          14       0.15      0.15      0.15     25585

    accuracy                           0.77    566119
   macro avg       0.15      0.11      0.12    566119
weighted avg       0.76      0.77      0.76    566119
