              precision    recall  f1-score   support

           0       0.99      0.99      0.99    454326
           1       0.47      0.54      0.50      1563
           2       0.45      0.84      0.59      1130
           3       0.00      0.00      0.00      1142
           4       0.00      0.00      0.00      1097
           5       0.96      0.97      0.96     46602
           6       0.74      0.11      0.20      2038
           7       0.00      0.00      0.00         2
           8       0.03      0.02      0.03       331
           9       0.00      0.00      0.00       138
          10       0.00      0.00      0.00         5
          11       0.00      0.00      0.00        11
          12       0.00      0.00      0.00       414
          13       0.96      0.97      0.97     31735
          14       0.98      0.98      0.98     25585

    accuracy                           0.98    566119
   macro avg       0.37      0.36      0.35    566119
weighted avg       0.98      0.98      0.98    566119
