              precision    recall  f1-score   support

           0       1.00      1.00      1.00    454326
           1       1.00      1.00      1.00      1563
           2       1.00      1.00      1.00      1130
           3       1.00      0.99      0.99      1142
           4       0.99      0.99      0.99      1097
           5       1.00      1.00      1.00     46602
           6       0.99      0.99      0.99      2038
           7       1.00      1.00      1.00         2
           8       0.74      0.76      0.75       331
           9       0.41      0.38      0.39       138
          10       0.00      0.00      0.00         5
          11       0.00      0.00      0.00        11
          12       0.87      0.70      0.78       414
          13       0.97      0.98      0.97     31735
          14       1.00      1.00      1.00     25585

    accuracy                           1.00    566119
   macro avg       0.80      0.78      0.79    566119
weighted avg       1.00      1.00      1.00    566119
