              precision    recall  f1-score   support

           0       1.00      1.00      1.00    454326
           1       1.00      1.00      1.00      1563
           2       1.00      1.00      1.00      1130
           3       1.00      0.99      1.00      1142
           4       1.00      0.99      0.99      1097
           5       1.00      1.00      1.00     46602
           6       1.00      1.00      1.00      2038
           7       1.00      1.00      1.00         2
           8       0.73      0.92      0.81       331
           9       0.49      0.15      0.23       138
          10       1.00      0.20      0.33         5
          11       1.00      0.45      0.62        11
          12       0.92      0.67      0.78       414
          13       0.99      1.00      1.00     31735
          14       1.00      1.00      1.00     25585

    accuracy                           1.00    566119
   macro avg       0.94      0.82      0.85    566119
weighted avg       1.00      1.00      1.00    566119
