              precision    recall  f1-score   support

           0       0.97      1.00      0.98    454326
           1       1.00      0.98      0.99      1563
           2       0.99      0.63      0.77      1130
           3       1.00      0.71      0.83      1142
           4       1.00      0.46      0.63      1097
           5       0.98      0.79      0.88     46602
           6       0.99      0.94      0.97      2038
           7       1.00      1.00      1.00         2
           8       0.72      0.19      0.30       331
           9       1.00      0.07      0.14       138
          10       0.00      0.00      0.00         5
          11       1.00      0.18      0.31        11
          12       1.00      0.35      0.52       414
          13       0.99      0.99      0.99     31735
          14       1.00      0.87      0.93     25585

    accuracy                           0.97    566119
   macro avg       0.91      0.61      0.68    566119
weighted avg       0.97      0.97      0.97    566119
