              precision    recall  f1-score   support

           0       1.00      1.00      1.00    454326
           1       1.00      0.99      1.00      1563
           2       0.94      0.97      0.96      1130
           3       0.99      0.97      0.98      1142
           4       0.98      0.96      0.97      1097
           5       0.98      0.99      0.98     46602
           6       0.98      0.95      0.97      2038
           7       1.00      1.00      1.00         2
           8       0.74      0.69      0.71       331
           9       0.42      0.37      0.40       138
          10       0.00      0.00      0.00         5
          11       0.00      0.00      0.00        11
          12       0.70      0.49      0.58       414
          13       0.99      1.00      0.99     31735
          14       0.98      0.99      0.99     25585

    accuracy                           0.99    566119
   macro avg       0.78      0.76      0.77    566119
weighted avg       0.99      0.99      0.99    566119
