              precision    recall  f1-score   support

           0       0.99      1.00      1.00    454326
           1       1.00      0.99      1.00      1563
           2       0.97      0.98      0.97      1130
           3       0.99      0.98      0.99      1142
           4       0.97      0.97      0.97      1097
           5       0.99      0.95      0.97     46602
           6       0.98      0.96      0.97      2038
           7       1.00      1.00      1.00         2
           8       0.74      0.72      0.73       331
           9       0.40      0.36      0.38       138
          10       0.50      0.20      0.29         5
          11       0.00      0.00      0.00        11
          12       0.83      0.57      0.68       414
          13       0.99      1.00      1.00     31735
          14       0.99      0.99      0.99     25585

    accuracy                           0.99    566119
   macro avg       0.82      0.78      0.79    566119
weighted avg       0.99      0.99      0.99    566119
