              precision    recall  f1-score   support

           0       1.00      0.75      0.86    454590
           1       0.18      0.98      0.30      1588
           2       0.13      0.94      0.24      1179
           3       0.20      0.76      0.32      1159
           4       0.48      0.91      0.63      1100
           5       0.79      0.93      0.86     46215
           6       0.41      0.92      0.57      2059
           7       0.01      1.00      0.01         2
           8       0.07      0.40      0.12       301
           9       0.09      0.75      0.17       130
          10       0.00      0.50      0.00         4
          11       0.00      0.86      0.00         7
          12       0.01      0.98      0.02       393
          13       0.82      0.99      0.90     31786
          14       0.80      0.94      0.86     25606

    accuracy                           0.79    566119
   macro avg       0.33      0.84      0.39    566119
weighted avg       0.95      0.79      0.85    566119
