              precision    recall  f1-score   support

           0       0.99      1.00      1.00    454326
           1       1.00      0.99      0.99      1563
           2       0.97      0.92      0.94      1130
           3       1.00      0.73      0.84      1142
           4       0.95      0.96      0.96      1097
           5       0.99      0.95      0.97     46602
           6       0.99      0.97      0.98      2038
           7       1.00      0.50      0.67         2
           8       0.41      0.17      0.24       331
           9       1.00      0.04      0.07       138
          10       0.00      0.00      0.00         5
          11       1.00      0.09      0.17        11
          12       0.89      0.36      0.52       414
          13       0.99      1.00      1.00     31735
          14       1.00      0.99      0.99     25585

    accuracy                           0.99    566119
   macro avg       0.88      0.64      0.69    566119
weighted avg       0.99      0.99      0.99    566119
