              precision    recall  f1-score   support

           0       1.00      1.00      1.00    454326
           1       1.00      1.00      1.00      1563
           2       0.98      1.00      0.99      1130
           3       1.00      0.99      0.99      1142
           4       0.99      0.99      0.99      1097
           5       1.00      1.00      1.00     46602
           6       0.99      0.99      0.99      2038
           7       1.00      1.00      1.00         2
           8       0.69      0.68      0.69       331
           9       0.52      0.16      0.24       138
          10       0.00      0.00      0.00         5
          11       0.67      0.18      0.29        11
          12       0.90      0.55      0.68       414
          13       0.99      1.00      1.00     31735
          14       1.00      1.00      1.00     25585

    accuracy                           1.00    566119
   macro avg       0.85      0.77      0.79    566119
weighted avg       1.00      1.00      1.00    566119
