              precision    recall  f1-score   support

           0       1.00      0.99      0.99    454326
           1       1.00      1.00      1.00      1563
           2       1.00      1.00      1.00      1130
           3       0.99      0.99      0.99      1142
           4       0.99      0.99      0.99      1097
           5       1.00      1.00      1.00     46602
           6       0.99      0.99      0.99      2038
           7       1.00      1.00      1.00         2
           8       0.71      0.72      0.71       331
           9       0.48      0.23      0.31       138
          10       0.50      0.20      0.29         5
          11       1.00      0.09      0.17        11
          12       0.95      0.57      0.71       414
          13       0.90      0.95      0.93     31735
          14       1.00      1.00      1.00     25585

    accuracy                           0.99    566119
   macro avg       0.90      0.78      0.81    566119
weighted avg       0.99      0.99      0.99    566119
