              precision    recall  f1-score   support

           0       1.00      1.00      1.00    454326
           1       1.00      1.00      1.00      1563
           2       1.00      1.00      1.00      1130
           3       1.00      0.99      0.99      1142
           4       0.99      0.99      0.99      1097
           5       1.00      1.00      1.00     46602
           6       1.00      1.00      1.00      2038
           7       0.00      0.00      0.00         2
           8       0.76      0.87      0.81       331
           9       0.54      0.33      0.41       138
          10       1.00      0.40      0.57         5
          11       1.00      0.36      0.53        11
          12       0.91      0.72      0.81       414
          13       0.99      1.00      1.00     31735
          14       1.00      1.00      1.00     25585

    accuracy                           1.00    566119
   macro avg       0.88      0.78      0.81    566119
weighted avg       1.00      1.00      1.00    566119
