              precision    recall  f1-score   support

           0       1.00      0.99      0.99    454326
           1       1.00      1.00      1.00      1563
           2       1.00      1.00      1.00      1130
           3       0.99      0.99      0.99      1142
           4       0.99      0.98      0.99      1097
           5       0.99      1.00      0.99     46602
           6       0.98      0.97      0.98      2038
           7       1.00      1.00      1.00         2
           8       0.69      0.51      0.59       331
           9       1.00      0.08      0.15       138
          10       0.00      0.00      0.00         5
          11       1.00      0.09      0.17        11
          12       0.95      0.50      0.66       414
          13       0.88      0.95      0.91     31735
          14       1.00      0.99      0.99     25585

    accuracy                           0.99    566119
   macro avg       0.90      0.74      0.76    566119
weighted avg       0.99      0.99      0.99    566119
