              precision    recall  f1-score   support

           0       0.99      1.00      0.99    454326
           1       1.00      0.99      0.99      1563
           2       0.84      0.88      0.86      1130
           3       0.95      0.96      0.95      1142
           4       0.93      0.96      0.94      1097
           5       0.97      0.92      0.95     46602
           6       0.98      0.95      0.96      2038
           7       1.00      1.00      1.00         2
           8       0.66      0.52      0.58       331
           9       0.39      0.08      0.13       138
          10       0.00      0.00      0.00         5
          11       0.50      0.09      0.15        11
          12       0.99      0.34      0.50       414
          13       0.99      1.00      0.99     31735
          14       0.97      0.98      0.97     25585

    accuracy                           0.99    566119
   macro avg       0.81      0.71      0.73    566119
weighted avg       0.99      0.99      0.99    566119
