              precision    recall  f1-score   support

           0       0.80      1.00      0.89    454326
           1       0.00      0.00      0.00      1563
           2       0.00      0.00      0.00      1130
           3       0.00      0.00      0.00      1142
           4       0.00      0.00      0.00      1097
           5       0.65      0.02      0.03     46602
           6       0.00      0.00      0.00      2038
           7       0.00      0.00      0.00         2
           8       0.00      0.00      0.00       331
           9       0.00      0.00      0.00       138
          10       0.00      0.00      0.00         5
          11       0.00      0.00      0.00        11
          12       0.00      0.00      0.00       414
          13       0.00      0.00      0.00     31735
          14       0.00      0.00      0.00     25585

    accuracy                           0.80    566119
   macro avg       0.10      0.07      0.06    566119
weighted avg       0.70      0.80      0.72    566119
